0 0.594792 0.965741 0.025208 0.044815
0 0.498958 0.859259 0.022917 0.040741
0 0.591927 0.859722 0.022344 0.039722
0 0.564323 0.849537 0.025781 0.045833
0 0.466406 0.815278 0.022344 0.039722
0 0.130469 0.623611 0.047552 0.084537
0 0.039844 0.623611 0.054427 0.096759
0 0.958073 0.421759 0.048698 0.086574
0 0.864844 0.422685 0.046406 0.082500
0 0.945312 0.370833 0.053854 0.095741
0 0.678385 0.368981 0.061302 0.108981
0 0.250521 0.335648 0.022917 0.040741
0 0.162500 0.337963 0.025208 0.044815
0 0.314583 0.336574 0.025208 0.044815
0 0.647135 0.314815 0.049844 0.088611
0 0.191927 0.107870 0.024635 0.043796
0 0.232031 0.106944 0.022344 0.039722
0 0.151562 0.106019 0.026354 0.046852
0 0.121615 0.106019 0.032656 0.058056
1 0.570573 0.293056 0.012031 0.021389
